100 0.006070000000000006
200 0.01911500000000002
300 0.03994599999999998
400 0.06476099999999996
500 0.09794199999999997
600 0.13765099999999997
700 0.18630000000000013
800 0.24006300000000014
900 0.30076199999999975
1000 0.366695
1100 0.4408309999999993
1200 0.5337470000000017
1300 0.6183350000000019
1400 0.7165210000000002
1500 0.8349660000000014
1600 1.0540870000000027
1700 1.0662909999999997
1800 1.1922499999999943
1900 1.3338350000000005
2000 1.5370999999999952
2100 1.7311890000000005
2200 1.8305399999999992
2300 2.210090000000008
2400 2.1568340000000035
2500 2.3674409999999853
2600 2.512436000000008
2700 2.780892999999992
2800 2.9467750000000024
